6
5
5
4
3
2
1
1
1
0
(0, array([2.25, 1.25]), 0.27052425192119034, 0)
(0.5, array([2.73181546, 1.38361833]), 0.2705242519211905, 0)
(1.0, array([3.21363093, 1.51723666]), 0.2705242519211907, 0)
(1.5, array([3.69544639, 1.65085499]), 0.2705242519211905, 0)
(2.0, 'explanation set: ', set(['remora']), ', ', 1, ' attacks, speedMultiplier: ', 0.5, ', removal success probability: ', 1)
(2.0, array([4.17726186, 1.78447332]), 0.27052425192119073, 0)
(2.0, 2.0)
(2.5, array([4.41816959, 1.85128248]), 0.2705242519211906, 2.0)
(3.0, array([4.65907732, 1.91809165]), 0.27052425192119045, 2.0)
(3.5, array([4.42790165, 1.82291913]), 0.2850811148540576, 2.0)
(4.0, array([4.67790165, 1.82291913]), 0.3237692835508278, 2.0)
(4.0, 1.5)
(4.5, array([4.42790165, 1.82291913]), 0.2850811148540576, 1.5)
(5.0, array([4.67790165, 1.82291913]), 0.3237692835508278, 1.5)
(5.5, array([4.42790165, 1.82291913]), 0.2850811148540576, 1.5)
(6.0, array([4.90772107, 1.96353677]), 0.2850811148540576, 1.5)
(6.0, 0.0)
(6.5, array([5.38754049, 2.10415442]), 0.285081114854057, 0.0)
(7.0, array([5.86735992, 2.24477207]), 0.2850811148540584, 0.0)
(7.5, array([6.34717934, 2.38538971]), 0.2850811148540463, 0.0)
(8.0, array([6.82699876, 2.52600736]), -2.856511538735749, 0.0)
(8.0, 1.0)
(8.5, array([6.34717934, 2.38538971]), 0.2850811148540463, 1.0)
(9.0, array([6.82699876, 2.52600736]), -2.5750911802904417, 1.0)
(9.5, array([6.40510689, 2.25766569]), -2.5750911802904413, 1.0)
(10.0, array([5.98321502, 1.98932402]), 0.5665014732993134, 1.0)
(10.0, 0.0)
(10.5, array([6.40510689, 2.25766569]), 2.5637373803834302, 0.0)
(11.0, array([5.98628885, 2.53078004]), 2.56373738038343, 0.0)
(11.5, array([5.5674708 , 2.80389438]), 2.563737380383429, 0.0)
(12.0, array([5.14865276, 3.07700873]), 2.563737380383427, 0.0)
(12.0, 2.0)
(12.5, 'explanation set: ', set(['remora']), ', ', 2, ' attacks, speedMultiplier: ', 0.5, ', removal success probability: ', 1)
(12.5, array([4.72983472, 3.35012308]), 2.563737380383426, 2.0)
(13.0, array([4.5204257 , 3.48668025]), 0.0044703228408486785, 2.0)
(13.5, array([4.7704232 , 3.48779783]), 0.0044703228408483125, 2.0)
(14.0, array([5.0204207 , 3.48891541]), 0.004470322840847873, 2.0)
(14.0, 1.0)
(14.5, array([5.2704182 , 3.49003298]), 0.00447032284084833, 1.0)
(15.0, array([5.15765651, 3.2669079 ]), 0.09918580430714688, 1.0)
(15.5, array([5.40765651, 3.2669079 ]), 0.11094495395123041, 1.0)
(16.0, array([5.15765651, 3.2669079 ]), 0.09918580430714688, 1.0)
(16.0, 2.5)
(16.5, array([5.40765651, 3.2669079 ]), 0.11094495395123041, 2.5)
(17.0, array([5.15765651, 3.2669079 ]), 0.09918580430714688, 2.5)
(17.5, array([5.65519907, 3.31641953]), 0.0991858043071472, 2.5)
(18.0, array([6.15274163, 3.36593116]), 0.09918580430714774, 2.5)
(18.0, 1.0)
(18.5, array([6.65028419, 3.41544279]), 0.0991858043071489, 1.0)
(19.0, array([7.14782675, 3.46495441]), 0.09918580430714716, 1.0)
(19.5, array([7.64536931, 3.51446604]), -1.618982897720327, 1.0)
(20.0, array([7.62128535, 3.01504642]), -1.618982897720327, 1.0)
(20.0, 2.5)
(20.5, array([7.59720139, 2.51562679]), -1.6189828977203276, 2.5)
(21.0, array([7.57311742, 2.01620716]), -1.6189828977203278, 2.5)
(21.5, array([7.54903346, 1.51678754]), -1.6189828977203287, 2.5)
(22.0, array([7.5249495 , 1.01736791]), -1.6189828977203307, 2.5)
(22.0, 2.0)
(22.5, array([7.50086554, 0.51794829]), -1.6189828977204543, 2.0)
(23.0, array([7.47678157, 0.01852866]), 2.9812390960667603, 2.0)
(23.5, array([6.98319613, 0.09836228]), 2.9812390960667603, 2.0)
(24.0, array([6.48961068, 0.1781959 ]), 2.9812390960667603, 2.0)
(24.0, 0.5)
(24.5, array([5.99602523, 0.25802952]), 2.9812390960667607, 0.5)
(25.0, array([5.50243979, 0.33786314]), 2.9812390960667607, 0.5)
(25.5, array([5.00885434, 0.41769676]), 2.981239096066761, 0.5)
(26.0, array([4.51526889, 0.49753037]), 2.981239096066771, 0.5)
(26.0, 0.5)
(26.5, array([4.02168345, 0.57736399]), 1.4085751582833648, 0.5)
(27.0, array([4.10243875, 1.07079948]), 1.4085751582833639, 0.5)
(27.5, array([4.18319406, 1.56423497]), 1.4085751582833648, 0.5)
(28.0, array([4.26394936, 2.05767046]), 1.4085751582833632, 0.5)
(28.0, 1.0)
(28.5, array([4.34470467, 2.55110595]), 1.4085751582833648, 1.0)
(29.0, array([4.42545997, 3.04454143]), 1.40857515828336, 1.0)
(29.5, array([4.50621528, 3.53797692]), -1.7330174953064303, 1.0)
(30.0, array([4.42545997, 3.04454143]), -0.5857339400848187, 1.0)
(30.0, 1.0)
(30.5, array([4.84211326, 2.76813587]), -0.5857339400848193, 1.0)
(31.0, array([5.25876655, 2.49173031]), -0.10334409865947058, 1.0)
(31.5, array([5.75609893, 2.44015018]), -0.10334409865947085, 1.0)
(32.0, array([6.2534313 , 2.38857006]), -0.10334409865947061, 1.0)
(32.0, 1.0)
(32.5, array([6.75076368, 2.33698994]), -0.10334409865947097, 1.0)
(33.0, array([7.24809605, 2.28540982]), -0.10334409865947067, 1.0)
(33.5, array([7.74542843, 2.23382969]), -0.10334409865947042, 1.0)
(34.0, array([8.2427608 , 2.18224957]), -0.10334409865947097, 1.0)
(34.0, 2.5)
(34.5, array([8.74009317, 2.13066945]), -3.122208191137316, 2.5)
(35.0, array([8.24018711, 2.12097783]), -3.122208191137316, 2.5)
(35.5, array([7.74028105, 2.1112862 ]), -3.122208191137316, 2.5)
(36.0, array([7.24037498, 2.10159458]), -3.1222081911373154, 2.5)
(36.0, 1.5)
(36.5, array([6.74046892, 2.09190295]), -3.1222081911373154, 1.5)
(37.0, array([6.24056286, 2.08221133]), -3.122208191137315, 1.5)
(37.5, array([5.74065679, 2.0725197 ]), -3.1222081911373154, 1.5)
(38.0, array([5.24075073, 2.06282808]), 1.3802935321975554, 1.5)
(38.0, 1.0)
(38.5, array([5.33542704, 2.55378266]), 1.380293532197555, 1.0)
(39.0, array([5.43010335, 3.04473723]), 1.3802935321975542, 1.0)
(39.5, array([5.52477966, 3.53569181]), 1.380293532197555, 1.0)
(40.0, array([5.61945596, 4.02664639]), 1.380293532197554, 1.0)
(40.0, 1.0)
(40.5, array([5.71413227, 4.51760096]), 1.380293532197555, 1.0)
(41.0, array([5.80880858, 5.00855554]), 1.3802935321975527, 1.0)
(41.5, array([5.90348489, 5.49951012]), 1.3802935321975542, 1.0)
(42.0, array([5.9981612, 5.9904647]), 1.3802935321977208, 1.0)
(42.0, 2.0)
(42.5, array([6.09283751, 6.48141927]), -1.7612991213920715, 2.0)
(43.0, array([5.9981612, 5.9904647]), 1.3802935321977208, 2.0)
(43.5, array([6.09283751, 6.48141927]), -1.7612991213920715, 2.0)
[u'searchErgodic', u'2', u'2']
(44.0, array([5.9981612, 5.9904647]), 1.3802935321977208, 2.0)
(44.0, 2.0)
(46.0, 3.5)
(48.0, 2.5)
(50.0, 3.0)
(52.0, 2.0)
(54.0, 1.5)
(56.0, 3.0)
(58.0, 0.0)
(60.0, 3.0)
(60.5, 'explanation set: ', set(['remora']), ', ', 3, ' attacks, speedMultiplier: ', 0.5, ', removal success probability: ', 1)
(62.0, 2.0)
(64.0, 2.5)
(64.5, array([4.97412644, 5.18558327]), 0.6709958217633489, 2.5)
(65.0, array([5.36572788, 5.49646639]), 0.6709958217633484, 2.5)
(65.5, array([5.75732933, 5.8073495 ]), 0.6709958217633462, 2.5)
(66.0, array([6.14893077, 6.11823261]), -2.4705968318264557, 2.5)
(66.0, 1.5)
(66.5, array([5.75732933, 5.8073495 ]), 0.6709958217633373, 1.5)
(67.0, array([6.14893077, 6.11823261]), -2.4705968318264557, 1.5)
(67.5, array([5.75732933, 5.8073495 ]), 0.6709958217633373, 1.5)
(68.0, array([6.14893077, 6.11823261]), -2.4705968318264557, 1.5)
(68.0, 4.0)
(68.5, array([5.75732933, 5.8073495 ]), 0.6709958217633373, 4.0)
(69.0, array([6.14893077, 6.11823261]), -2.4705968318264557, 4.0)
(69.5, array([5.75732933, 5.8073495 ]), 0.6709958217633373, 4.0)
(70.0, array([6.14893077, 6.11823261]), -2.4705968318264557, 4.0)
(70.0, 1.0)
(70.5, array([5.75732933, 5.8073495 ]), 0.6709958217633373, 1.0)
(71.0, array([6.14893077, 6.11823261]), -2.4705968318264557, 1.0)
(71.5, array([5.75732933, 5.8073495 ]), 0.6709958217633373, 1.0)
(72.0, array([6.14893077, 6.11823261]), -2.4705968318264557, 1.0)
(72.0, 1.0)
(72.5, array([5.75732933, 5.8073495 ]), 0.6709958217633373, 1.0)
(73.0, array([6.14893077, 6.11823261]), -2.4705968318264557, 1.0)
(73.5, array([5.75732933, 5.8073495 ]), 0.6709958217633373, 1.0)
(74.0, array([6.14893077, 6.11823261]), -2.4705968318264557, 1.0)
(74.0, 3.0)
(74.5, array([5.75732933, 5.8073495 ]), 0.20184705768813951, 3.0)
(75.0, array([6.2471783 , 5.90758911]), 0.20184705768813732, 3.0)
(75.5, array([6.73702728, 6.00782873]), -2.9397455959016026, 3.0)
(76.0, array([6.2471783 , 5.90758911]), 0.20184705768818645, 3.0)
(76.0, 3.0)
(76.5, array([6.73702728, 6.00782873]), -2.9397455959016026, 3.0)
(77.0, array([6.2471783 , 5.90758911]), 0.20184705768818645, 3.0)
(77.5, array([6.73702728, 6.00782873]), -2.9397455959016026, 3.0)
(78.0, array([6.2471783 , 5.90758911]), 3.1198379024164056, 3.0)
(78.0, 2.0)
(78.5, array([5.74729662, 5.91846563]), 3.1198379024164056, 2.0)
(79.0, array([5.24741493, 5.92934215]), 3.119837902416405, 2.0)
(79.5, array([4.74753324, 5.94021867]), 3.119837902416405, 2.0)
(80.0, array([4.24765155, 5.95109518]), 3.1198379024164047, 2.0)
(80.0, 3.0)
(80.5, array([3.74776987, 5.9619717 ]), 3.1198379024164042, 3.0)
(81.0, array([3.24788818, 5.97284822]), 3.1198379024164034, 3.0)
(81.5, array([2.74800649, 5.98372474]), 0.8901663526965095, 3.0)
(82.0, array([3.06264787, 6.37231296]), 0.8901663526965096, 3.0)
(82.0, 2.0)
(82.5, array([3.37728924, 6.76090118]), 0.8901663526965097, 2.0)
(83.0, array([3.69193062, 7.1494894 ]), 0.8901663526965099, 2.0)
(83.5, array([4.00657199, 7.53807762]), 0.8901663526965101, 2.0)
(84.0, array([4.32121337, 7.92666584]), 0.8901663526965111, 2.0)
(84.0, 2.0)
(84.5, array([4.63585474, 8.31525406]), 0.8901663526965102, 2.0)
(85.0, array([4.95049612, 8.70384228]), 2.727671034908919, 2.0)
(85.5, array([4.49272083, 8.90494371]), 2.7276710349089193, 2.0)
(86.0, array([4.03494554, 9.10604513]), 2.72767103490892, 2.0)
(86.0, 2.0)
(86.5, array([3.57717024, 9.30714656]), -1.9553229561582486, 2.0)
(87.0, array([3.38961006, 8.84365851]), -1.955322956158248, 2.0)
(87.5, array([3.20204987, 8.38017045]), -1.9553229561582468, 2.0)
[u'searchErgodic', u'2', u'3']
(88.0, array([3.01448968, 7.9166824 ]), -1.9553229561582468, 2.0)
out of bounds
(88.0, 2.0)
out of bounds
out of bounds
out of bounds
out of bounds
(90.0, 0.5)
out of bounds
out of bounds
out of bounds
(92.0, 1.5)
(94.0, 4.5)
out of bounds
out of bounds
out of bounds
(96.0, 1.5)
out of bounds
out of bounds
out of bounds
out of bounds
(98.0, 3.5)
out of bounds
out of bounds
out of bounds
out of bounds
(100.0, 1.5)
out of bounds
out of bounds
out of bounds
out of bounds
(102.0, 1.5)
out of bounds
out of bounds
out of bounds
[u'searchErgodic', u'3', u'3']
out of bounds
(104.0, 3.5)
out of bounds
(106.0, 1.5)
(106.5, array([10.00604889, 10.94858793]), -3.0236585680393264, 1.5)
(107.0, array([ 9.50952198, 10.88975749]), -3.023658568039326, 1.5)
(107.5, array([ 9.01299506, 10.83092704]), -3.0236585680393255, 1.5)
(108.0, array([ 8.51646814, 10.77209659]), -3.023658568039325, 1.5)
(108.0, 2.5)
(108.5, array([ 8.01994123, 10.71326614]), -3.0236585680393246, 2.5)
(109.0, array([ 7.52341431, 10.65443569]), -0.08775938045529755, 2.5)
(109.5, array([ 8.02149012, 10.61061231]), -0.08775938045529938, 2.5)
(110.0, array([ 8.51956593, 10.56678892]), -0.08775938045529727, 2.5)
(110.0, 3.0)
(110.5, array([ 9.01764174, 10.52296553]), -0.08775938045530003, 3.0)
(111.0, array([ 9.51571754, 10.47914215]), -0.08775938045529594, 3.0)
(111.5, array([10.01379335, 10.43531876]), -0.08775938045530407, 3.0)
(112.0, array([10.51186916, 10.39149537]), 3.0538332731344746, 3.0)
(112.0, 1.5)
(112.5, array([10.01379335, 10.43531876]), -0.08775938045532682, 1.5)
(113.0, array([10.51186916, 10.39149537]), 3.0538332731344746, 1.5)
(113.5, array([10.01379335, 10.43531876]), -0.08775938045532682, 1.5)
(114.0, array([10.51186916, 10.39149537]), 3.0538332731344746, 1.5)
(114.0, 4.0)
(114.5, array([10.01379335, 10.43531876]), -0.08775938045532682, 4.0)
(115.0, array([10.51186916, 10.39149537]), 3.0538332731344746, 4.0)
(115.5, array([10.01379335, 10.43531876]), -0.08775938045532682, 4.0)
(116.0, array([10.51186916, 10.39149537]), 3.0538332731344746, 4.0)
(116.0, 2.0)
(116.5, array([10.01379335, 10.43531876]), -0.08775938045532682, 2.0)
(117.0, array([10.51186916, 10.39149537]), 3.0538332731344746, 2.0)
(117.5, array([10.01379335, 10.43531876]), -0.08775938045532682, 2.0)
(118.0, array([10.51186916, 10.39149537]), 3.0538332731344746, 2.0)
(118.0, 1.5)
(118.5, array([10.01379335, 10.43531876]), -0.08775938045532682, 1.5)
(119.0, array([10.51186916, 10.39149537]), 3.0538332731344746, 1.5)
(119.5, array([10.01379335, 10.43531876]), -0.08775938045532682, 1.5)
(120.0, array([10.51186916, 10.39149537]), 3.0538332731344746, 1.5)
(120.0, 2.5)
(120.5, array([10.01379335, 10.43531876]), 1.5746657566749205, 2.5)
(121.0, array([10.01185864, 10.93531502]), 1.5746657566749207, 2.5)
(121.5, array([10.00992393, 11.43531127]), 1.5746657566749207, 2.5)
(122.0, array([10.00798922, 11.93530753]), 1.5746657566749211, 2.5)
(122.0, 3.0)
(122.5, array([10.00605451, 12.43530379]), 1.5746657566749216, 3.0)
(123.0, array([10.0041198 , 12.93530004]), 1.5746657566749223, 3.0)
(123.5, array([10.00218509, 13.4352963 ]), 1.5746657566749247, 3.0)
(124.0, array([10.00025038, 13.93529256]), 1.5746657566749633, 3.0)
(124.0, 1.5)
(124.5, array([ 9.99831567, 14.43528881]), -1.5669268969148393, 1.5)
(125.0, array([10.00025038, 13.93529256]), 1.5746657566749633, 1.5)
(125.5, array([ 9.99831567, 14.43528881]), -1.5669268969148393, 1.5)
[u'searchErgodic', u'3', u'4']
(126.0, array([10.00025038, 13.93529256]), 1.5746657566749633, 1.5)
(126.0, 1.0)
(128.0, 2.0)
(130.0, 2.0)
(132.0, 2.5)
(134.0, 3.5)
out of bounds
(136.0, 3.5)
(138.0, 1.5)
out of bounds
(140.0, 3.0)
out of bounds
out of bounds
(142.0, 4.0)
out of bounds
out of bounds
(144.0, 4.5)
(145.0, array([ 8.37239403, 12.29259128]), 0.8093223505336634, 4.5)
(145.5, array([ 8.71738857, 12.65450117]), 0.8093223505336626, 4.5)
(146.0, array([ 9.06238311, 13.01641105]), 0.8093223505336613, 4.5)
(146.0, 5.0)
(146.5, array([ 9.40737766, 13.37832094]), 0.8093223505336584, 5.0)
(147.0, array([ 9.7523722 , 13.74023082]), 0.8093223505336474, 5.0)
(147.5, array([10.09736674, 14.10214071]), -2.3322703030561676, 5.0)
(148.0, array([ 9.7523722 , 13.74023082]), 0.8093223505336125, 5.0)
(148.0, 2.0)
(148.5, 'explanation set: ', set(['remora']), ', ', 4, ' attacks, speedMultiplier: ', 0.5, ', removal success probability: ', 1)
(148.5, array([10.09736674, 14.10214071]), -2.3322703030561676, 2.0)
(149.0, array([ 9.92486947, 13.92118577]), 0.8093223505336039, 2.0)
(149.5, array([10.09736674, 14.10214071]), -2.3322703030561676, 2.0)
(150.0, array([ 9.92486947, 13.92118577]), 0.8093223505336039, 2.0)
(150.0, 0.5)
(150.5, array([10.09736674, 14.10214071]), -2.3322703030561676, 0.5)
(151.0, array([ 9.92486947, 13.92118577]), 0.8093223505336039, 0.5)
(151.5, array([10.09736674, 14.10214071]), -2.3322703030561676, 0.5)
(152.0, array([ 9.92486947, 13.92118577]), 0.8093223505336039, 0.5)
(152.0, 2.5)
(152.5, array([10.09736674, 14.10214071]), -2.3322703030561676, 2.5)
(153.0, array([ 9.92486947, 13.92118577]), 0.8093223505336039, 2.5)
(153.5, array([10.09736674, 14.10214071]), -2.3322703030561676, 2.5)
(154.0, array([ 9.97776301, 13.88260723]), 1.3835904892275592, 2.5)
(154.0, 1.0)
(154.5, array([10.22776301, 13.88260723]), 2.665688207273013, 1.0)
(155.0, array([ 9.97776301, 13.88260723]), 1.3835904892275592, 1.0)
(155.5, array([10.22776301, 13.88260723]), 2.665688207273013, 1.0)
(156.0, array([ 9.97776301, 13.88260723]), 1.3835904892275592, 1.0)
(156.0, 3.5)
(156.5, array([10.07082015, 14.37387129]), -1.7580021643622405, 3.5)
(157.0, array([ 9.97776301, 13.88260723]), 1.3835904892275592, 3.5)
(157.5, array([10.07082015, 14.37387129]), -1.7580021643622405, 3.5)
(158.0, array([ 9.97776301, 13.88260723]), 1.3835904892275592, 3.5)
(158.0, 2.5)
(158.5, array([10.07082015, 14.37387129]), -1.7580021643622405, 2.5)
(159.0, array([ 9.97776301, 13.88260723]), 1.5653956332533052, 2.5)
(159.5, array([ 9.98046334, 14.38259994]), 1.5653956332533048, 2.5)
(160.0, array([ 9.98316367, 14.88259265]), 1.5653956332533043, 2.5)
(160.0, 1.5)
(160.5, array([ 9.98586401, 15.38258536]), 1.5653956332533037, 1.5)
(161.0, array([ 9.98856434, 15.88257807]), 1.5653956332533026, 1.5)
(161.5, array([ 9.99126468, 16.38257078]), 1.565395633253301, 1.5)
(162.0, array([ 9.99396501, 16.88256348]), 1.565395633253298, 1.5)
(162.0, 1.0)
(162.5, array([ 9.99666534, 17.38255619]), -2.439224560265225, 1.0)
(163.0, array([ 9.6150081 , 17.05954264]), -2.439224560265226, 1.0)
(163.5, array([ 9.23335087, 16.73652909]), -2.4392245602652265, 1.0)
(164.0, array([ 8.85169363, 16.41351555]), -2.4392245602652274, 1.0)
(164.0, 1.0)
(164.5, array([ 8.47003639, 16.090502  ]), -2.4392245602652287, 1.0)
(165.0, array([ 8.08837915, 15.76748845]), -2.4392245602652283, 1.0)
(165.5, array([ 7.70672191, 15.4444749 ]), -2.4392245602652283, 1.0)
(166.0, array([ 7.32506467, 15.12146135]), -0.39698860293273736, 1.0)
(166.0, 4.5)
(166.5, array([ 7.78617943, 14.9281399 ]), -0.39698860293273724, 4.5)
(167.0, array([ 8.24729418, 14.73481845]), -0.3969886029327373, 4.5)
(167.5, array([ 8.70840894, 14.541497  ]), -0.39698860293273713, 4.5)
(168.0, array([ 9.16952369, 14.34817555]), -0.39698860293273674, 4.5)
(168.0, 2.5)
(168.5, array([ 9.63063845, 14.1548541 ]), -0.39698860293273536, 2.5)
(169.0, array([10.0917532 , 13.96153265]), 2.7446040506570455, 2.5)
(169.5, array([ 9.63063845, 14.1548541 ]), -0.3969886029327558, 2.5)
(170.0, array([10.0917532 , 13.96153265]), 2.7446040506570455, 2.5)
(170.0, 2.5)
(170.5, array([ 9.63063845, 14.1548541 ]), -0.3969886029327558, 2.5)
(171.0, array([10.0917532 , 13.96153265]), 2.7446040506570455, 2.5)
(171.5, array([ 9.63063845, 14.1548541 ]), -0.3969886029327558, 2.5)
(172.0, array([10.0917532 , 13.96153265]), 2.7446040506570455, 2.5)
(172.0, 2.0)
(172.5, array([ 9.63063845, 14.1548541 ]), -0.3969886029327558, 2.0)
(173.0, array([10.0917532 , 13.96153265]), 2.7446040506570455, 2.0)
(173.5, array([ 9.63063845, 14.1548541 ]), -0.3969886029327558, 2.0)
(174.0, array([10.0917532 , 13.96153265]), 2.7446040506570455, 2.0)
(174.0, 4.5)
(174.5, array([ 9.63063845, 14.1548541 ]), -0.3969886029327558, 4.5)
(175.0, array([10.0917532 , 13.96153265]), 2.7446040506570455, 4.5)
(175.5, array([ 9.63063845, 14.1548541 ]), -0.3969886029327558, 4.5)
(176.0, array([10.0917532 , 13.96153265]), 2.7446040506570455, 4.5)
(176.0, 1.0)
(176.5, array([ 9.63063845, 14.1548541 ]), -0.3969886029327558, 1.0)
(177.0, array([10.0917532 , 13.96153265]), 2.7446040506570455, 1.0)
(177.5, array([ 9.63063845, 14.1548541 ]), -0.3969886029327558, 1.0)
(178.0, array([10.0917532 , 13.96153265]), 2.7446040506570455, 1.0)
(178.0, 2.0)
(178.5, array([ 9.63063845, 14.1548541 ]), -0.3969886029327558, 2.0)
(179.0, array([10.0917532 , 13.96153265]), 2.7446040506570455, 2.0)
(179.5, array([ 9.63063845, 14.1548541 ]), -0.3969886029327558, 2.0)
(180.0, array([10.0917532 , 13.96153265]), 2.7446040506570455, 2.0)
(180.0, 3.5)
(180.5, array([ 9.63063845, 14.1548541 ]), -0.3969886029327558, 3.5)
(181.0, array([10.0917532 , 13.96153265]), 2.7446040506570455, 3.5)
(181.5, array([ 9.63063845, 14.1548541 ]), -0.3969886029327558, 3.5)
(182.0, array([10.0917532 , 13.96153265]), 2.7446040506570455, 3.5)
(182.0, 2.0)
(182.5, array([ 9.63063845, 14.1548541 ]), -0.3969886029327558, 2.0)
(183.0, array([10.0917532 , 13.96153265]), 2.7446040506570455, 2.0)
(183.5, array([ 9.63063845, 14.1548541 ]), -0.3969886029327558, 2.0)
(184.0, array([10.0917532 , 13.96153265]), 2.7446040506570455, 2.0)
(184.0, 1.0)
(184.5, array([ 9.63063845, 14.1548541 ]), -0.3969886029327558, 1.0)
(185.0, array([10.0917532 , 13.96153265]), 2.7446040506570455, 1.0)
(185.5, array([ 9.63063845, 14.1548541 ]), -0.3969886029327558, 1.0)
(186.0, array([10.0917532 , 13.96153265]), 2.7446040506570455, 1.0)
(186.0, 3.0)
(186.5, array([ 9.63063845, 14.1548541 ]), -0.3969886029327558, 3.0)
(187.0, array([10.0917532 , 13.96153265]), 2.7446040506570455, 3.0)
(187.5, array([ 9.63063845, 14.1548541 ]), -0.3969886029327558, 3.0)
(188.0, array([10.0917532 , 13.96153265]), 2.7446040506570455, 3.0)
(188.0, 2.0)
(188.5, array([ 9.63063845, 14.1548541 ]), -0.3969886029327558, 2.0)
(189.0, array([10.0917532 , 13.96153265]), 2.7446040506570455, 2.0)
(189.5, array([ 9.63063845, 14.1548541 ]), -0.3969886029327558, 2.0)
(190.0, array([10.0917532 , 13.96153265]), 2.7446040506570455, 2.0)
(190.0, 4.0)
(190.5, array([ 9.63063845, 14.1548541 ]), -0.3969886029327558, 4.0)
(191.0, array([10.0917532 , 13.96153265]), 2.7446040506570455, 4.0)
(191.5, array([ 9.63063845, 14.1548541 ]), -0.3969886029327558, 4.0)
(192.0, array([10.0917532 , 13.96153265]), 2.7446040506570455, 4.0)
(192.0, 2.5)
(192.5, array([ 9.63063845, 14.1548541 ]), -0.3969886029327558, 2.5)
(193.0, array([10.0917532 , 13.96153265]), 2.7446040506570455, 2.5)
(193.5, array([ 9.63063845, 14.1548541 ]), -0.3969886029327558, 2.5)
(194.0, array([10.0917532 , 13.96153265]), 2.7446040506570455, 2.5)
(194.0, 1.0)
(194.5, array([ 9.63063845, 14.1548541 ]), -0.3969886029327558, 1.0)
(195.0, array([10.0917532 , 13.96153265]), 2.7446040506570455, 1.0)
(195.5, array([ 9.63063845, 14.1548541 ]), -0.3969886029327558, 1.0)
(196.0, array([10.0917532 , 13.96153265]), 2.7446040506570455, 1.0)
(196.0, 3.5)
(196.5, 'explanation set: ', set(['remora']), ', ', 5, ' attacks, speedMultiplier: ', 0.5, ', removal success probability: ', 1)
(196.5, array([ 9.63063845, 14.1548541 ]), -0.3969886029327558, 3.5)
(197.0, array([ 9.86119583, 14.05819338]), -0.3969886029327312, 3.5)
(197.5, array([10.0917532 , 13.96153265]), 2.7446040506570455, 3.5)
(198.0, array([ 9.86119583, 14.05819338]), -0.3969886029327312, 3.5)
(198.0, 1.5)
(198.5, array([10.0917532 , 13.96153265]), 2.7446040506570455, 1.5)
(199.0, array([ 9.86119583, 14.05819338]), -0.3969886029327312, 1.5)
(199.5, array([ 9.99946802, 13.84991279]), 1.5672518458273874, 1.5)
(200.0, array([10.24946802, 13.84991279]), 2.599976181572873, 1.5)
(200.0, 2.0)
(200.5, array([ 9.99946802, 13.84991279]), 1.5672518458273874, 2.0)
(201.0, array([10.24946802, 13.84991279]), 2.599976181572873, 2.0)
(201.5, array([ 9.99946802, 13.84991279]), 1.5672518458273874, 2.0)
(202.0, array([10.00124025, 14.34990965]), -1.5743408077624128, 2.0)
(202.0, 2.5)
(202.5, array([ 9.99946802, 13.84991279]), 1.5672518458273874, 2.5)
(203.0, array([10.00124025, 14.34990965]), -1.5743408077624128, 2.5)
(203.5, array([ 9.99946802, 13.84991279]), 1.5672518458273874, 2.5)
(204.0, array([10.00124025, 14.34990965]), -1.5743408077624128, 2.5)
(204.0, 2.5)
(204.5, array([ 9.99946802, 13.84991279]), 1.5672518458273874, 2.5)
(205.0, array([10.00124025, 14.34990965]), -1.5743408077624128, 2.5)
(205.5, array([ 9.99946802, 13.84991279]), 3.1040834620496036, 2.5)
(206.0, array([ 9.49981971, 13.86866299]), 3.1040834620496045, 2.5)
(206.0, 1.0)
(206.5, array([ 9.0001714 , 13.88741319]), 3.1040834620496054, 1.0)
(207.0, array([ 8.5005231 , 13.90616339]), 3.1040834620496067, 1.0)
(207.5, array([ 8.00087479, 13.92491359]), 3.104083462049609, 1.0)
(208.0, array([ 7.50122648, 13.94366379]), 3.1040834620496063, 1.0)
(208.0, 3.5)
(208.5, array([ 7.00157818, 13.96241398]), 3.10408346204961, 3.5)
(209.0, array([ 6.50192987, 13.98116418]), 3.1040834620496036, 3.5)
(209.5, array([ 6.00228157, 13.99991438]), 3.104083462050592, 3.5)
(210.0, array([ 5.50263326, 14.01866458]), -0.03750919153919892, 3.5)
(210.0, 9.5)
[u'searchErgodic', u'2', u'4']
(210.5, array([ 6.00228157, 13.99991438]), 3.104083462050592, 9.5)
(212.0, 3.0)
(214.0, 4.0)
(216.0, 7.5)
(218.0, 5.5)
(220.0, 7.0)
(222.0, 4.0)
out of bounds
(224.0, 6.0)
(226.0, 9.0)
out of bounds
(228.0, 3.5)
(229.5, array([ 5.13917289, 13.1475428 ]), 0.7805128993149574, 3.5)
(230.0, array([ 5.49444926, 13.49936478]), 0.7805128993149607, 3.5)
(230.0, 5.0)
(230.5, array([ 5.84972562, 13.85118676]), 0.7805128993149649, 5.0)
(231.0, array([ 6.20500199, 14.20300873]), -2.361079754274817, 5.0)
(231.5, array([ 5.84972562, 13.85118676]), 0.7805128993149798, 5.0)
(232.0, array([ 6.20500199, 14.20300873]), -2.361079754274817, 5.0)
(232.0, 5.5)
(232.5, array([ 5.84972562, 13.85118676]), 0.7805128993149798, 5.5)
(233.0, array([ 6.20500199, 14.20300873]), -2.361079754274817, 5.5)
(233.5, array([ 5.84972562, 13.85118676]), 0.7805128993149798, 5.5)
(234.0, array([ 6.20500199, 14.20300873]), -2.361079754274817, 5.5)
(234.0, 8.5)
(234.5, array([ 5.84972562, 13.85118676]), 0.7805128993149798, 8.5)
(235.0, array([ 6.20500199, 14.20300873]), -2.361079754274817, 8.5)
(235.5, array([ 5.84972562, 13.85118676]), 0.7805128993149798, 8.5)
(236.0, array([ 6.20500199, 14.20300873]), -2.361079754274817, 8.5)
(236.0, 6.5)
(236.5, array([ 5.84972562, 13.85118676]), 0.7805128993149798, 6.5)
(237.0, array([ 6.20500199, 14.20300873]), -2.361079754274817, 6.5)
(237.5, array([ 5.84972562, 13.85118676]), 0.7805128993149798, 6.5)
(238.0, array([ 6.20500199, 14.20300873]), -2.361079754274817, 6.5)
(238.0, 5.0)
(238.5, array([ 5.84972562, 13.85118676]), 1.5345911036287478, 5.0)
(239.0, array([ 5.86782428, 14.35085909]), 1.5345911036287474, 5.0)
(239.5, array([ 5.88592294, 14.85053142]), 1.534591103628747, 5.0)
(240.0, array([ 5.9040216 , 15.35020375]), 1.5345911036287463, 5.0)
(240.0, 3.5)
(240.5, array([ 5.92212025, 15.84987608]), 1.5345911036287452, 3.5)
(241.0, array([ 5.94021891, 16.34954841]), 0.43106778213174973, 3.5)
(241.5, array([ 6.39447896, 16.55846899]), 0.43106778213175095, 3.5)
(242.0, array([ 6.84873901, 16.76738956]), 0.43106778213175245, 3.5)
(242.0, 6.5)
(242.5, array([ 7.30299907, 16.97631013]), 0.43106778213175445, 6.5)
(243.0, array([ 7.75725912, 17.1852307 ]), 0.431067782131756, 6.5)
(243.5, array([ 8.21151917, 17.39415127]), 0.4310677821317531, 6.5)
(244.0, array([ 8.66577922, 17.60307184]), 0.4310677821317577, 6.5)
(244.0, 2.0)
(244.5, array([ 9.12003927, 17.81199241]), 0.43106778213175423, 2.0)
(245.0, array([ 9.57429933, 18.02091298]), 0.4310677821317646, 2.0)
(245.5, array([10.02855938, 18.22983355]), -2.3318272388499537, 2.0)
(246.0, array([ 9.68372522, 17.86777085]), -2.331827238849954, 2.0)
(246.0, 1.5)
(246.5, array([ 9.33889106, 17.50570814]), -2.331827238849955, 1.5)
(247.0, array([ 8.9940569 , 17.14364544]), -2.331827238849956, 1.5)
(247.5, array([ 8.64922274, 16.78158274]), -2.3318272388499572, 1.5)
(248.0, array([ 8.30438858, 16.41952003]), -2.331827238849959, 1.5)
(248.0, 3.0)
(248.5, array([ 7.95955442, 16.05745733]), 0.7649425546958672, 3.0)
(249.0, array([ 8.32026549, 16.40370511]), 0.7649425546958674, 3.0)
(249.5, array([ 8.68097655, 16.74995289]), 0.7649425546958676, 3.0)
(250.0, array([ 9.04168762, 17.09620066]), 0.764942554695868, 3.0)
(250.0, 1.0)
(250.5, array([ 9.40239869, 17.44244844]), 0.7649425546958688, 1.0)
(251.0, array([ 9.76310976, 17.78869622]), 0.7649425546958705, 1.0)
(251.5, array([10.12382083, 18.134944  ]), 0.7649425546958603, 1.0)
(252.0, array([10.4845319 , 18.48119178]), -2.3766500988939083, 1.0)
(252.0, 1.5)
(252.5, array([10.12382083, 18.134944  ]), -2.3132353156797634, 1.5)
(253.0, array([ 9.78577732, 17.76653311]), 2.208988401661167, 1.5)
(253.5, array([ 9.48790515, 18.16812017]), 2.2089884016611654, 1.5)
(254.0, array([ 9.19003299, 18.56970724]), 2.208988401661168, 1.5)
(254.0, 1.5)
(254.5, array([ 8.89216082, 18.97129431]), 2.208988401661164, 1.5)
(255.0, array([ 8.59428865, 19.37288137]), 2.2089884016611814, 1.5)
(255.5, array([ 8.29641648, 19.77446844]), -0.08546673386740014, 1.5)
(256.0, array([ 8.79459145, 19.73178708]), -0.0854667338674035, 1.5)
(256.0, 3.0)
(256.5, array([ 9.29276642, 19.68910571]), -0.08546673386740039, 3.0)
(257.0, array([ 9.79094139, 19.64642435]), -0.08546673386739546, 3.0)
(257.5, array([10.28911636, 19.60374299]), -0.08546673386740103, 3.0)
(258.0, array([10.78729133, 19.56106163]), -0.08546673386738966, 3.0)
(258.0, 0.5)
(258.5, array([11.2854663 , 19.51838027]), -0.08546673386740765, 0.5)
(259.0, array([11.78364127, 19.47569891]), -1.6658284200643771, 0.5)
(259.5, array([11.73619672, 18.97795498]), -1.6658284200643758, 0.5)
(260.0, array([11.68875216, 18.48021106]), -1.6658284200643738, 0.5)
(260.0, 1.0)
(260.5, array([11.6413076 , 17.98246714]), -1.6658284200643707, 1.0)
(261.0, array([11.59386304, 17.48472321]), -1.6658284200643731, 1.0)
(261.5, array([11.54641848, 16.98697929]), -1.6658284200643805, 1.0)
(262.0, array([11.49897392, 16.48923536]), 1.4757642335252723, 1.0)
(262.0, 2.0)
(262.5, array([11.54641848, 16.98697929]), -2.983080675911683, 2.0)
(263.0, array([11.05268685, 16.90805478]), -2.9830806759116832, 2.0)
(263.5, 'explanation set: ', set(['remora']), ', ', 6, ' attacks, speedMultiplier: ', 0.5, ', removal success probability: ', 1)
(263.5, array([10.55895522, 16.82913027]), -2.9830806759116837, 2.0)
(264.0, array([10.31208941, 16.78966802]), -2.9830806759116792, 2.0)
(264.0, 0.5)
(264.5, array([10.06522359, 16.75020577]), -2.9830806759116846, 0.5)
(265.0, array([10.03583677, 16.99847259]), -2.8277579422282537, 0.5)
(265.5, array([10.28583677, 16.99847259]), -2.8693950542831113, 0.5)
(266.0, array([10.03583677, 16.99847259]), -2.8277579422282537, 0.5)
(266.0, 1.0)
(266.5, array([10.28583677, 16.99847259]), -2.8693950542831113, 1.0)
(267.0, array([10.03583677, 16.99847259]), -2.8277579422282537, 1.0)
(267.5, array([ 9.56025839, 16.84411843]), -2.8277579422282493, 1.0)
(268.0, array([ 9.08468001, 16.68976428]), -2.8277579422282373, 1.0)
(268.0, 3.0)
(268.5, array([ 8.60910163, 16.53541012]), -2.827757942228268, 3.0)
(269.0, array([ 8.13352325, 16.38105597]), 1.4538323738009233, 3.0)
(269.5, array([ 8.19187197, 16.87763973]), 1.4538323738009251, 3.0)
(270.0, array([ 8.25022069, 17.37422348]), 1.4538323738009236, 3.0)
(270.0, 2.5)
(270.5, array([ 8.30856942, 17.87080724]), 1.4538323738009267, 2.5)
(271.0, array([ 8.36691814, 18.36739099]), 1.4538323738009247, 2.5)
(271.5, array([ 8.42526686, 18.86397475]), 1.4538323738009198, 2.5)
(272.0, array([ 8.48361559, 19.3605585 ]), 1.4538323738009415, 2.5)
(272.0, 2.0)
(272.5, array([ 8.54196431, 19.85714226]), -0.9052092450439193, 2.0)
(273.0, array([ 8.85072482, 19.46386507]), -0.905209245043921, 2.0)
(273.5, array([ 9.15948532, 19.07058787]), -0.9052092450439239, 2.0)
(274.0, array([ 9.46824583, 18.67731068]), -0.905209245043922, 2.0)
(274.0, 2.5)
(274.5, array([ 9.77700633, 18.28403349]), -0.9052092450439342, 2.5)
(275.0, array([10.08576684, 17.8907563 ]), 2.2363834085458842, 2.5)
(275.5, array([ 9.77700633, 18.28403349]), -0.9052092450439148, 2.5)
(276.0, array([10.08576684, 17.8907563 ]), 2.2363834085458842, 2.5)
(276.0, 0.0)
(276.5, array([ 9.77700633, 18.28403349]), -0.9052092450439148, 0.0)
(277.0, array([10.08576684, 17.8907563 ]), 0.02790210693486084, 0.0)
(277.5, array([10.58557222, 17.90470554]), 0.027902106934858378, 0.0)
(278.0, array([11.0853776 , 17.91865478]), 0.027902106934861164, 0.0)
(278.0, 1.5)
(278.5, array([11.58518298, 17.93260403]), 0.02790210693485775, 1.5)
(279.0, array([12.08498836, 17.94655327]), 0.027902106934861823, 1.5)
(279.5, array([12.58479374, 17.96050251]), 0.02790210693485623, 1.5)
(280.0, array([13.08459912, 17.97445176]), 0.02790210693486392, 1.5)
(280.0, 0.5)
(280.5, array([13.5844045, 17.988401 ]), 3.1400633323142806, 0.5)
(281.0, array([13.08440509, 17.98916566]), 3.14006333231428, 0.5)
(281.5, array([12.58440567, 17.98993032]), 3.14006333231428, 0.5)
(282.0, 'explanation set: ', set(['remora']), ', ', 7, ' attacks, speedMultiplier: ', 0.5, ', removal success probability: ', 1)
(282.0, array([12.08440626, 17.99069498]), 3.1400633323142797, 0.5)
(282.0, 1.0)
(282.5, array([11.83440655, 17.99107731]), 3.140063332314281, 1.0)
(283.0, array([11.58440684, 17.99145964]), 3.140063332314283, 1.0)
(283.5, array([11.33440713, 17.99184197]), 3.140063332314284, 1.0)
(284.0, array([11.13584313, 17.83994616]), 3.1104386539192133, 1.0)
(284.0, 1.5)
(284.5, array([11.38584313, 17.83994616]), 3.111883888456431, 1.5)
(285.0, array([11.13584313, 17.83994616]), 3.1104386539192133, 1.5)
(285.5, array([11.38584313, 17.83994616]), 3.111883888456431, 1.5)
(286.0, array([11.13584313, 17.83994616]), 3.1104386539192133, 1.5)
(286.0, 0.5)
(286.5, array([10.63608576, 17.85552064]), 3.1104386539192115, 0.5)
(287.0, array([10.13632838, 17.87109512]), 3.1104386539192137, 0.5)
(287.5, array([ 9.636571 , 17.8866696]), 3.110438653919211, 0.5)
(288.0, array([ 9.13681363, 17.90224408]), 3.1104386539192137, 0.5)
(288.0, 1.0)
(288.5, array([ 8.63705625, 17.91781856]), 3.1104386539192106, 1.0)
(289.0, array([ 8.13729887, 17.93339304]), 3.1104386539192146, 1.0)
(289.5, array([ 7.6375415 , 17.94896752]), 3.1104386539192093, 1.0)
(290.0, array([ 7.13778412, 17.964542  ]), 3.1104386539192155, 1.0)
(290.0, 4.0)
(290.5, array([ 6.63802674, 17.98011648]), 3.110438653919204, 4.0)
(291.0, array([ 6.13826937, 17.99569096]), 3.110438653919235, 4.0)
(291.5, array([ 5.63851199, 18.01126544]), -0.03115399967056424, 4.0)
(292.0, array([ 6.13826937, 17.99569096]), 3.110438653919235, 4.0)
(292.0, 2.0)
(292.5, array([ 5.63851199, 18.01126544]), -0.03115399967056424, 2.0)
(293.0, array([ 6.13826937, 17.99569096]), 2.3987962200215214, 2.0)
(293.5, array([ 5.76997933, 18.33386614]), 2.3987962200215236, 2.0)
(294.0, array([ 5.40168929, 18.67204131]), 2.398796220021528, 2.0)
(294.0, 2.5)
(294.5, array([ 5.03339926, 19.01021649]), 2.3987962200215343, 2.5)
(295.0, array([ 4.66510922, 19.34839166]), 2.3987962200215094, 2.5)
(295.5, array([ 4.29681918, 19.68656684]), -0.05817851339884577, 2.5)
(296.0, array([ 4.79597324, 19.65749399]), -0.058178513398846575, 2.5)
(296.0, 2.0)
(296.5, array([ 5.29512729, 19.62842114]), -0.05817851339884774, 2.0)
(297.0, array([ 5.79428135, 19.59934829]), -0.05817851339884959, 2.0)
(297.5, array([ 6.2934354 , 19.57027544]), -0.05817851339885298, 2.0)
(298.0, array([ 6.79258945, 19.54120259]), -0.05817851339886113, 2.0)
(298.0, 0.5)
(298.5, array([ 7.29174351, 19.51212974]), -0.0581785133988224, 0.5)
(299.0, array([ 7.79089756, 19.48305689]), -1.6680055661602158, 0.5)
(299.5, array([ 7.74236945, 18.98541744]), -1.6680055661602153, 0.5)
(300.0, array([ 7.69384135, 18.48777799]), -1.6680055661602147, 0.5)
(300.0, 0.0)
(300.5, array([ 7.64531324, 17.99013854]), -1.6680055661602133, 0.0)
(301.0, array([ 7.59678514, 17.49249909]), -1.668005566160211, 0.0)
(301.5, array([ 7.54825703, 16.99485964]), -1.668005566160216, 0.0)
(302.0, array([ 7.49972892, 16.49722019]), 1.473587087429177, 0.0)
(302.0, 2.5)
(302.5, array([ 7.54825703, 16.99485964]), -2.980654849133676, 2.5)
(303.0, array([ 7.05471831, 16.91473766]), -2.980654849133675, 2.5)
(303.5, array([ 6.56117959, 16.83461568]), -2.9806548491336735, 2.5)
(304.0, array([ 6.06764087, 16.75449369]), -2.980654849133671, 2.5)
(304.0, 3.0)
(304.5, array([ 5.57410215, 16.67437171]), -2.9806548491336655, 3.0)
(305.0, array([ 5.08056343, 16.59424973]), -2.9806548491336518, 3.0)
(305.5, array([ 4.58702471, 16.51412775]), -2.9806548491336793, 3.0)
(306.0, array([ 4.09348599, 16.43400577]), 1.4389771905083906, 3.0)
(306.0, 2.0)
(306.5, array([ 4.15920485, 16.92966799]), 1.43897719050839, 2.0)
(307.0, array([ 4.2249237, 17.4253302]), 1.4389771905083912, 2.0)
(307.5, array([ 4.29064256, 17.92099242]), 1.4389771905083906, 2.0)
(308.0, array([ 4.35636142, 18.41665463]), 1.438977190508389, 2.0)
(308.0, 2.0)
(308.5, array([ 4.42208027, 18.91231685]), 1.4389771905083928, 2.0)
(309.0, array([ 4.48779913, 19.40797906]), 1.4389771905083892, 2.0)
(309.5, array([ 4.55351799, 19.90364128]), -0.9210209023732695, 2.0)
(310.0, array([ 4.85602179, 19.50553143]), -0.9210209023732672, 2.0)
(310.0, 1.5)
(310.5, array([ 5.1585256 , 19.10742159]), -0.9210209023732632, 1.5)
(311.0, array([ 5.4610294 , 18.70931175]), -0.9210209023732667, 1.5)
(311.5, array([ 5.7635332, 18.3112019]), -0.9210209023732576, 1.5)
(312.0, array([ 6.06603701, 17.91309206]), 2.2205717512165717, 1.5)
(312.0, 1.5)
(312.5, array([ 5.7635332, 18.3112019]), -0.9210209023732304, 1.5)
(313.0, array([ 6.06603701, 17.91309206]), 2.2205717512165393, 1.5)
(313.5, array([ 5.7635332, 18.3112019]), -0.9210209023732485, 1.5)
(314.0, array([ 6.06603701, 17.91309206]), 2.2205717512165717, 1.5)
(314.0, 2.0)
(314.5, array([ 5.7635332, 18.3112019]), -0.9210209023732304, 2.0)
(315.0, array([ 6.06603701, 17.91309206]), 2.2205717512165393, 2.0)
(315.5, array([ 5.7635332, 18.3112019]), -0.9210209023732485, 2.0)
(316.0, array([ 6.06603701, 17.91309206]), 2.2205717512165717, 2.0)
(316.0, 1.0)
(316.5, array([ 5.7635332, 18.3112019]), -0.9210209023732304, 1.0)
(317.0, array([ 6.06603701, 17.91309206]), 3.1202217924830116, 1.0)
(317.5, array([ 5.56615118, 17.92377667]), 3.1202217924830107, 1.0)
(318.0, array([ 5.06626536, 17.93446129]), 3.1202217924830093, 1.0)
(318.0, 1.5)
(318.5, array([ 4.56637953, 17.94514591]), 3.120221792483007, 1.5)
(319.0, array([ 4.06649371, 17.95583053]), 3.1202217924830045, 1.5)
(319.5, array([ 3.56660788, 17.96651514]), 3.1202217924829996, 1.5)
(320.0, array([ 3.06672205, 17.97719976]), 3.120221792483007, 1.5)
(320.0, 1.0)
(320.5, array([ 2.56683623, 17.98788438]), 3.120221792482997, 1.0)
(321.0, array([ 2.0669504 , 17.99856899]), 3.1202217924830977, 1.0)
(321.5, array([ 1.56706458, 18.00925361]), -0.0213708611067043, 1.0)
(322.0, array([ 2.0669504 , 17.99856899]), 3.1202217924830973, 1.0)
(322.0, 1.0)
(322.5, array([ 1.56706458, 18.00925361]), -0.021370861106704258, 1.0)
(323.0, array([ 2.0669504 , 17.99856899]), 3.1202217924830973, 1.0)
(323.5, array([ 1.56706458, 18.00925361]), -0.021370861106704213, 1.0)
(324.0, array([ 2.0669504 , 17.99856899]), 3.120221792483097, 1.0)
(324.0, 1.0)
(324.5, array([ 1.56706458, 18.00925361]), 2.1920426129913926, 1.0)
(325.0, array([ 1.27604006, 18.41583046]), 2.1920426129913952, 1.0)
(325.5, array([ 0.98501554, 18.8224073 ]), 2.1920426129913997, 1.0)
(326.0, array([ 0.69399102, 19.22898414]), 2.192042612991415, 1.0)
(326.0, 1.0)
(326.5, array([ 0.40296651, 19.63556099]), -0.043743315638419336, 1.0)
(327.0, array([ 0.90248821, 19.61369631]), -0.04374331563842167, 1.0)
(327.5, array([ 1.40200992, 19.59183162]), -0.043743315638425116, 1.0)
(328.0, array([ 1.90153163, 19.56996694]), -0.04374331563841963, 1.0)
(328.0, 0.5)
(328.5, array([ 2.40105333, 19.54810226]), -0.04374331563842532, 0.5)
(329.0, array([ 2.90057504, 19.52623757]), -0.043743315638410926, 0.5)
(329.5, array([ 3.40009675, 19.50437289]), -0.04374331563843012, 0.5)
(330.0, array([ 3.89961846, 19.48250821]), -1.7039904244781008, 0.5)
(330.0, 1.0)
(330.5, array([ 3.83321814, 18.98693682]), -1.7039904244781006, 1.0)
(331.0, array([ 3.76681783, 18.49136543]), -1.7039904244781001, 1.0)
(331.5, array([ 3.70041752, 17.99579405]), -1.7039904244780992, 1.0)
(332.0, array([ 3.63401721, 17.50022266]), -1.7039904244781, 1.0)
(332.0, 1.5)
(332.5, array([ 3.5676169 , 17.00465128]), -1.7039904244780977, 1.5)
(333.0, array([ 3.50121659, 16.50907989]), -1.7039904244780806, 1.5)
(333.5, array([ 3.43481628, 16.0135085 ]), 2.977320845566665, 1.5)
(334.0, array([ 2.94154743, 16.0952755 ]), 2.977320845566664, 1.5)
(334.0, 2.5)
(334.5, array([ 2.44827858, 16.17704249]), 2.977320845566663, 2.5)
(335.0, array([ 1.95500973, 16.25880948]), 2.977320845566661, 2.5)
(335.5, array([ 1.46174088, 16.34057647]), 2.9773208455666564, 2.5)
(336.0, array([ 0.96847203, 16.42234347]), 2.9773208455666436, 2.5)
(336.0, 2.5)
(336.5, array([ 0.47520318, 16.50411046]), -0.1642718080233431, 2.5)
(337.0, array([ 0.96847203, 16.42234347]), 1.7218539027461686, 2.5)
(337.5, array([ 0.89323015, 16.91664971]), 1.7218539027461683, 2.5)
(338.0, array([ 0.81798828, 17.41095595]), 1.721853902746168, 2.5)
(338.0, 0.5)
(338.5, array([ 0.7427464 , 17.90526219]), 1.7218539027461672, 0.5)
(339.0, array([ 0.66750453, 18.39956843]), 1.7218539027461666, 0.5)
(339.5, array([ 0.59226265, 18.89387467]), 1.721853902746165, 0.5)
(340.0, array([ 0.51702078, 19.38818092]), 1.721853902746158, 0.5)
(340.0, 0.0)
(340.5, array([ 0.4417789 , 19.88248716]), -0.8793646045707896, 0.0)
(341.0, array([ 0.76059927, 19.49732022]), -0.8793646045707876, 0.0)
(341.5, array([ 1.07941964, 19.11215328]), -0.8793646045707848, 0.0)
(342.0, array([ 1.39824001, 18.72698634]), -0.8793646045707798, 0.0)
(342.0, 1.5)
(342.5, array([ 1.71706038, 18.3418194 ]), -0.8793646045707934, 1.5)
(343.0, array([ 2.03588075, 17.95665246]), 2.2622280490189484, 1.5)
(343.5, array([ 1.71706038, 18.3418194 ]), -0.8793646045708535, 1.5)
(344.0, array([ 2.03588075, 17.95665246]), 2.2622280490189, 1.5)
(344.0, 1.5)
(344.5, array([ 1.71706038, 18.3418194 ]), -0.8793646045709057, 1.5)
(345.0, array([ 2.03588075, 17.95665246]), 2.262228049018839, 1.5)
(345.5, array([ 1.71706038, 18.3418194 ]), -0.879364604570964, 1.5)
(346.0, array([ 2.03588075, 17.95665246]), 2.2622280490187903, 1.5)
(346.0, 0.5)
(346.5, array([ 1.71706038, 18.3418194 ]), -0.8793646045709956, 0.5)
(347.0, array([ 2.03588075, 17.95665246]), 2.2622280490188733, 0.5)
(347.5, array([ 1.71706038, 18.3418194 ]), -0.07964072366754853, 0.5)
(348.0, array([ 2.21547556, 18.30204112]), -0.07964072366754983, 0.5)
(348.0, 1.5)
(348.5, array([ 2.71389074, 18.26226283]), -0.07964072366755152, 1.5)
(349.0, array([ 3.21230591, 18.22248455]), -0.07964072366755383, 1.5)
(349.5, array([ 3.71072109, 18.18270627]), -0.07964072366755713, 1.5)
(350.0, array([ 4.20913627, 18.14292799]), -0.07964072366755236, 1.5)
(350.0, 2.5)
(350.5, array([ 4.70755144, 18.10314971]), -0.07964072366755752, 2.5)
(351.0, array([ 5.20596662, 18.06337143]), -0.0796407236675469, 2.5)
(351.5, array([ 5.7043818 , 18.02359315]), -0.07964072366756142, 2.5)
(352.0, array([ 6.20279697, 17.98381487]), 3.0619519299221998, 2.5)
(352.0, 2.0)
(352.5, array([ 5.7043818 , 18.02359315]), -0.07964072366762114, 2.0)
(353.0, array([ 6.20279697, 17.98381487]), 3.0619519299221998, 2.0)
(353.5, array([ 5.7043818 , 18.02359315]), -0.00549232061944731, 2.0)
(354.0, array([ 6.20437426, 18.020847  ]), -0.005492320619447047, 2.0)
(354.0, 2.0)
(354.5, array([ 6.70436671, 18.01810086]), -0.005492320619446705, 2.0)
(355.0, array([ 7.20435917, 18.01535471]), -0.00549232061944624, 2.0)
(355.5, array([ 7.70435163, 18.01260856]), -0.005492320619445573, 2.0)
(356.0, array([ 8.20434409, 18.00986242]), -0.005492320619444535, 2.0)
(356.0, 2.0)
(356.5, array([ 8.70433655, 18.00711627]), -0.005492320619442694, 2.0)
(357.0, array([ 9.20432901, 18.00437012]), -0.005492320619438542, 2.0)
(357.5, array([ 9.70432147, 18.00162398]), -0.005492320619420346, 2.0)
(358.0, array([10.20431393, 17.99887783]), 3.136100332970389, 2.0)
(358.0, 3.0)
(358.5, array([ 9.70432147, 18.00162398]), -0.005492320619420346, 3.0)
(359.0, array([10.20431393, 17.99887783]), 3.136100332970389, 3.0)
(359.5, array([ 9.70432147, 18.00162398]), -0.00037804913591701244, 3.0)
(360.0, array([10.20432143, 18.00143495]), 0.09497283249364741, 3.0)
(360.0, 0.5)
(360.5, array([10.70206817, 18.04885001]), 0.09497283249364882, 0.5)
(361.0, array([11.1998149 , 18.09626508]), 0.09497283249365068, 0.5)
(361.5, array([11.69756164, 18.14368014]), 0.09497283249365321, 0.5)
(362.0, array([12.19530837, 18.1910952 ]), 0.09497283249365689, 0.5)
(362.0, 1.5)
(362.5, array([12.6930551 , 18.23851026]), 0.09497283249365239, 1.5)
(363.0, array([13.19080184, 18.28592532]), -0.33965078201916793, 1.5)
(363.5, array([13.66223737, 18.1193464 ]), -0.33965078201918614, 1.5)
(364.0, array([14.13367291, 17.95276748]), 2.801941871570599, 1.5)
(364.0, 0.5)
(364.5, array([13.66223737, 18.1193464 ]), -0.3396507820191944, 0.5)
(365.0, array([14.13367291, 17.95276748]), 2.801941871570599, 0.5)
(365.5, array([13.66223737, 18.1193464 ]), -0.3396507820191944, 0.5)
(366.0, array([14.13367291, 17.95276748]), 0.012215772357137026, 0.5)
(366.0, 0.5)
(366.5, array([14.6336356 , 17.95887521]), 0.012215772357135418, 0.5)
(367.0, array([15.1335983 , 17.96498295]), 0.012215772357133252, 0.5)
(367.5, array([15.63356099, 17.97109068]), 0.012215772357130167, 0.5)
(368.0, array([16.13352368, 17.97719842]), 2.9015325327214607, 0.5)
(368.0, 1.0)
(368.5, array([15.64786184, 18.09607893]), 2.901532532721461, 1.0)
(369.0, array([15.1622    , 18.21495944]), 2.9015325327214625, 1.0)
(369.5, array([14.67653816, 18.33383995]), 2.9015325327214674, 1.0)
(370.0, array([14.19087632, 18.45272046]), -0.2400601208683346, 1.0)
(370.0, 0.0)
(370.5, array([14.67653816, 18.33383995]), 2.90153253272146, 0.0)
(371.0, array([14.19087632, 18.45272046]), -0.2400601208683346, 0.0)
(371.5, array([14.67653816, 18.33383995]), 2.90153253272146, 0.0)
(372.0, array([14.19087632, 18.45272046]), -0.2400601208683346, 0.0)
(372.0, 2.0)
(372.5, array([14.67653816, 18.33383995]), -1.7256524390974148, 2.0)
(373.0, array([14.59941919, 17.83982308]), -1.7256524390974144, 2.0)
(373.5, array([14.52230023, 17.34580622]), -1.7256524390974142, 2.0)
(374.0, array([14.44518126, 16.85178935]), -1.7256524390974137, 2.0)
(374.0, 3.0)
(374.5, array([14.36806229, 16.35777248]), -1.725652439097413, 3.0)
(375.0, array([14.29094332, 15.86375562]), -1.7256524390974117, 3.0)
(375.5, array([14.21382436, 15.36973875]), -1.725652439097409, 3.0)
(376.0, array([14.13670539, 14.87572188]), -1.725652439097413, 3.0)
(376.0, 0.5)
(376.5, array([14.05958642, 14.38170502]), -1.7256524390974048, 0.5)
(377.0, array([13.98246745, 13.88768815]), 1.4159402144924016, 0.5)
(377.5, array([14.05958642, 14.38170502]), -1.7256524390973786, 0.5)
(378.0, array([13.98246745, 13.88768815]), 1.4159402144924016, 0.5)
(378.0, 3.5)
(378.5, array([14.05958642, 14.38170502]), -1.625888875855289, 3.5)
(379.0, array([14.03205408, 13.88246362]), -1.6258888758552932, 3.5)
(379.5, array([14.00452174, 13.38322223]), -1.6258888758552397, 3.5)
(380.0, array([13.97698939, 12.88398083]), 1.5157037777345428, 3.5)
(380.0, 1.5)
(380.5, array([14.00452174, 13.38322223]), -1.6258888758552397, 1.5)
(381.0, array([13.97698939, 12.88398083]), 1.5157037777345428, 1.5)
(381.5, array([14.00452174, 13.38322223]), -1.6258888758552397, 1.5)
(382.0, array([13.97698939, 12.88398083]), 0.270604415023587, 1.5)
(382.0, 0.5)
(382.5, array([14.45879415, 13.01763778]), 0.2706044150235868, 0.5)
(383.0, array([14.9405989 , 13.15129474]), 0.2706044150235865, 0.5)
(383.5, array([15.42240365, 13.28495169]), 0.27060441502358606, 0.5)
(384.0, array([15.9042084 , 13.41860864]), 0.2706044150235855, 0.5)
(384.0, 1.0)
(384.5, array([16.38601315, 13.5522656 ]), 0.27060441502358423, 1.0)
(385.0, array([16.86781791, 13.68592255]), 0.27060441502358235, 1.0)
(385.5, array([17.34962266, 13.8195795 ]), 0.2706044150235777, 1.0)
(386.0, array([17.83142741, 13.95323645]), 0.2706044150235953, 1.0)
(386.0, 1.5)
(386.5, array([18.31323216, 14.08689341]), -2.870988238566208, 1.5)
(387.0, array([17.83142741, 13.95323645]), 0.2706044150235953, 1.5)
(387.5, array([18.31323216, 14.08689341]), -2.870988238566208, 1.5)
(388.0, array([17.83142741, 13.95323645]), 0.2706044150235953, 1.5)
(388.0, 1.5)
(388.5, array([18.31323216, 14.08689341]), -2.870988238566208, 1.5)
(389.0, array([17.83142741, 13.95323645]), 2.281517131511303, 1.5)
(389.5, array([17.50523729, 14.33218237]), 2.281517131511303, 1.5)
(390.0, array([17.17904718, 14.71112829]), 2.281517131511303, 1.5)
(390.0, 1.0)
(390.5, array([16.85285706, 15.09007421]), 2.281517131511303, 1.0)
(391.0, array([16.52666694, 15.46902012]), 2.2815171315113063, 1.0)
(391.5, array([16.20047683, 15.84796604]), -0.10507111781615061, 1.0)
(392.0, array([16.69771938, 15.79552709]), -0.10507111781615057, 1.0)
(392.0, 0.5)
(392.5, array([17.19496194, 15.74308814]), -0.10507111781615051, 0.5)
(393.0, array([17.69220449, 15.6906492 ]), -0.10507111781615043, 0.5)
(393.5, array([18.18944704, 15.63821025]), -0.10507111781615029, 0.5)
(394.0, array([18.6866896, 15.5857713]), -0.10507111781614996, 0.5)
(394.0, 0.5)
(394.5, array([19.18393215, 15.53333236]), -0.10507111781614861, 0.5)
(395.0, array([19.6811747 , 15.48089341]), -1.6315003107955568, 0.5)
(395.5, array([19.65084135, 14.98181437]), -1.6315003107955595, 0.5)
(396.0, array([19.62050799, 14.48273533]), -1.6315003107955635, 0.5)
(396.0, 0.0)
(396.5, array([19.59017464, 13.98365629]), -1.6315003107955584, 0.0)
(397.0, array([19.55984128, 13.48457725]), -1.6315003107955661, 0.0)
(397.5, array([19.52950793, 12.98549821]), -1.6315003107955528, 0.0)
(398.0, array([19.49917458, 12.48641917]), 1.510092342794587, 0.0)
(398.0, 0.0)
(398.5, array([19.52950793, 12.98549821]), -2.982687344747425, 0.0)
(399.0, array([19.03580738, 12.90637951]), -2.9826873447474265, 0.0)
(399.5, array([18.54210683, 12.82726081]), -2.982687344747429, 0.0)
(400.0, array([18.04840629, 12.74814211]), -2.982687344747427, 0.0)
(400.0, 0.5)
(400.5, array([17.55470574, 12.66902341]), -2.9826873447474234, 0.5)
(401.0, array([17.06100519, 12.5899047 ]), -2.982687344747429, 0.5)
(401.5, array([16.56730464, 12.510786  ]), -2.9826873447473887, 0.5)
(402.0, array([16.07360409, 12.4316673 ]), 1.432714017582399, 0.5)
(402.0, 1.5)
(402.5, array([16.14242606, 12.92690819]), 1.432714017582399, 1.5)
(403.0, array([16.21124802, 13.42214908]), 1.4327140175823991, 1.5)
(403.5, array([16.28006999, 13.91738997]), 1.4327140175823994, 1.5)
(404.0, array([16.34889196, 14.41263085]), 1.4327140175823996, 1.5)
(404.0, 1.5)
(404.5, array([16.41771392, 14.90787174]), 1.4327140175824007, 1.5)
(405.0, array([16.48653589, 15.40311263]), 1.4327140175824125, 1.5)
(405.5, array([16.55535785, 15.89835352]), -0.9202939361907663, 1.5)
(406.0, array([16.85815099, 15.50046369]), -0.9202939361907684, 1.5)
(406.0, 1.5)
(406.5, array([17.16094413, 15.10257386]), -0.920293936190772, 1.5)
(407.0, array([17.46373726, 14.70468403]), -0.9202939361907799, 1.5)
(407.5, array([17.7665304, 14.3067942]), -0.9202939361907713, 1.5)
(408.0, array([18.06932354, 13.90890437]), 2.2212987173990784, 1.5)
(408.0, 0.5)
(408.5, array([17.7665304, 14.3067942]), -0.9202939361907067, 0.5)
(409.0, array([18.06932354, 13.90890437]), 2.2212987173990784, 0.5)
(409.5, array([17.7665304, 14.3067942]), -0.9202939361907067, 0.5)
(410.0, array([18.06932354, 13.90890437]), 2.2212987173990784, 0.5)
(410.0, 1.0)
(410.5, array([17.7665304, 14.3067942]), -0.9202939361907067, 1.0)
(411.0, array([18.06932354, 13.90890437]), 2.2212987173990784, 1.0)
(411.5, array([17.7665304, 14.3067942]), -0.9202939361907067, 1.0)
(412.0, array([18.06932354, 13.90890437]), 2.2212987173990784, 1.0)
(412.0, 0.5)
(412.5, array([17.7665304, 14.3067942]), -0.9202939361907067, 0.5)
(413.0, array([18.06932354, 13.90890437]), -1.5885292425565518, 0.5)
(413.5, array([18.06045755, 13.40898298]), -1.5885292425565543, 0.5)
(414.0, array([18.05159155, 12.9090616 ]), -1.5885292425565511, 0.5)
(414.0, 0.0)
(414.5, array([18.04272556, 12.40914021]), -1.5885292425565545, 0.0)
(415.0, array([18.03385957, 11.90921882]), -1.58852924255655, 0.0)
(415.5, array([18.02499357, 11.40929743]), -1.5885292425565551, 0.0)
(416.0, array([18.01612758, 10.90937604]), -1.5885292425565463, 0.0)
(416.0, 0.5)
(416.5, array([18.00726159, 10.40945466]), -1.5885292425565594, 0.5)
(417.0, array([17.99839559,  9.90953327]), 1.5530634110331683, 0.5)
(417.5, array([18.00726159, 10.40945466]), -1.588529242556646, 0.5)
(418.0, array([17.99839559,  9.90953327]), 1.5530634110331683, 0.5)
(418.0, 1.5)
(418.5, array([18.00726159, 10.40945466]), -1.588529242556646, 1.5)
(419.0, array([17.99839559,  9.90953327]), 1.5530634110331683, 1.5)
(419.5, array([18.00726159, 10.40945466]), -1.588529242556646, 1.5)
(420.0, array([17.99839559,  9.90953327]), 1.5530634110331683, 1.5)
(420.0, 0.5)
(420.5, array([18.00726159, 10.40945466]), 2.5152502557053977, 0.5)
(421.0, 'explanation set: ', set(['remora']), ', ', 8, ' attacks, speedMultiplier: ', 0.5, ', removal success probability: ', 1)
(421.0, array([17.60217311, 10.70254735]), 2.515250255705403, 0.5)
(421.5, array([17.39962887, 10.84909369]), 2.5152502557054044, 0.5)
(422.0, array([17.19708463, 10.99564004]), 2.515250255705406, 0.5)
(422.0, 0.5)
(422.5, array([16.99454039, 11.14218638]), 2.5152502557054097, 0.5)
(423.0, array([16.79199615, 11.28873273]), 2.515250255705418, 0.5)
(423.5, array([16.62861953, 11.47796296]), 0.007674570581198339, 0.5)
(424.0, array([16.87861953, 11.47796296]), 0.008406458306519074, 0.5)
(424.0, 1.0)
(424.5, array([16.62861953, 11.47796296]), 0.007674570581198339, 1.0)
(425.0, array([16.87861953, 11.47796296]), 0.008406458306519074, 1.0)
(425.5, array([16.62861953, 11.47796296]), 0.007674570581198339, 1.0)
(426.0, array([17.12860481, 11.4818002 ]), 0.007674570581197093, 1.0)
(426.0, 1.0)
(426.5, array([17.62859008, 11.48563745]), 0.007674570581195183, 1.0)
(427.0, array([18.12857536, 11.4894747 ]), 0.007674570581198355, 1.0)
(427.5, array([18.62856063, 11.49331195]), 0.007674570581194976, 1.0)
(428.0, array([19.12854591, 11.49714919]), 0.007674570581206409, 1.0)
(428.0, 2.5)
(428.5, array([19.62853118, 11.50098644]), -1.6135998112618237, 2.5)
(429.0, array([19.60713597, 11.00144441]), -1.6135998112618235, 2.5)
(429.5, array([19.58574077, 10.50190237]), -1.6135998112618235, 2.5)
(430.0, array([19.56434556, 10.00236033]), -1.6135998112618233, 2.5)
(430.0, 1.0)
(430.5, array([19.54295035,  9.5028183 ]), -1.6135998112618228, 1.0)
(431.0, array([19.52155514,  9.00327626]), -1.613599811261822, 1.0)
(431.5, array([19.50015994,  8.50373423]), -1.6135998112615406, 1.0)
(432.0, array([19.47876473,  8.00419219]), 2.9766572712765758, 1.0)
(432.0, 0.0)
(432.5, array([18.98555024,  8.08628649]), 2.976657271276576, 0.0)
(433.0, array([18.49233576,  8.16838078]), 2.976657271276577, 0.0)
(433.5, array([17.99912128,  8.25047508]), 2.976657271276576, 0.0)
(434.0, array([17.50590679,  8.33256937]), 2.9766572712765775, 0.0)
(434.0, 2.0)
(434.5, array([17.01269231,  8.41466367]), 2.9766572712765758, 2.0)
(435.0, array([16.51947783,  8.49675797]), 2.976657271276608, 2.0)
(435.5, array([16.02626334,  8.57885226]), 1.4100212369212732, 2.0)
(436.0, array([16.10630502,  9.07240401]), 1.4100212369212706, 2.0)
(436.0, 0.0)
(436.5, array([16.18634669,  9.56595576]), 1.4100212369212668, 0.0)
(437.0, array([16.26638837, 10.05950751]), 1.410021236921272, 0.0)
(437.5, array([16.34643004, 10.55305926]), 1.4100212369212646, 0.0)
(438.0, array([16.42647172, 11.04661101]), 1.4100212369212792, 0.0)
(438.0, 0.5)
(438.5, array([16.50651339, 11.54016276]), -1.7315714166684277, 0.5)
(439.0, array([16.42647172, 11.04661101]), -0.5869424724791212, 0.5)
(439.5, array([16.84279066, 10.76970211]), -0.5869424724791248, 0.5)
(440.0, array([17.2591096 , 10.49279321]), -0.5869424724791242, 0.5)
(440.0, 0.5)
(440.5, array([17.67542854, 10.21588431]), -0.5869424724791219, 0.5)
(441.0, array([18.09174748,  9.93897541]), 2.55465018111072, 0.5)
(441.5, array([17.67542854, 10.21588431]), -1.4939601396299578, 0.5)
(442.0, array([17.71380884,  9.71735953]), -1.4939601396299564, 0.5)
(442.0, 1.5)
(442.5, array([17.75218914,  9.21883476]), -1.4939601396299544, 1.5)
(443.0, array([17.79056945,  8.72030998]), -1.4939601396299518, 1.5)
(443.5, array([17.82894975,  8.2217852 ]), -1.493960139629948, 1.5)
(444.0, array([17.86733005,  7.72326043]), -1.4708119954940975, 1.5)
(444.0, 1.0)
(444.5, array([17.91723896,  7.22575756]), -1.4708119954940966, 1.0)
(445.0, array([17.96714788,  6.7282547 ]), -1.4708119954940955, 1.0)
(445.5, array([18.01705679,  6.23075183]), -1.470811995494094, 1.0)
(446.0, array([18.0669657 ,  5.73324897]), -1.470811995494092, 1.0)
(446.0, 3.0)
(446.5, array([18.11687462,  5.23574611]), -1.4708119954940895, 3.0)
(447.0, array([18.16678353,  4.73824324]), -1.4708119954940857, 3.0)
(447.5, array([18.21669244,  4.24074038]), -1.4708119954940895, 3.0)
(448.0, array([18.26660136,  3.74323751]), -1.470811995494083, 3.0)
(448.0, 1.5)
(448.5, array([18.31651027,  3.24573465]), -1.47081199549409, 1.5)
(449.0, array([18.36641918,  2.74823178]), -1.4708119954940657, 1.5)
(449.5, array([18.41632809,  2.25072892]), 1.681385683669357, 1.5)
(450.0, array([18.36114606,  2.74767453]), 1.6813856836693555, 1.5)
(450.0, 0.5)
(450.5, array([18.30596402,  3.24462014]), 1.6813856836693533, 0.5)
(451.0, array([18.25078198,  3.74156576]), 1.68138568366935, 0.5)
(451.5, array([18.19559994,  4.23851137]), 1.681385683669355, 0.5)
(452.0, array([18.1404179 ,  4.73545698]), 1.68138568366935, 0.5)
(452.0, 3.0)
(452.5, array([18.08523587,  5.2324026 ]), 1.681385683669361, 3.0)
(453.0, array([18.03005383,  5.72934821]), 1.681385683669348, 3.0)
(453.5, array([17.97487179,  6.22629382]), -1.4602069699204787, 3.0)
(454.0, array([18.03005383,  5.72934821]), 1.6813856836693462, 3.0)
(454.0, 2.5)
(454.5, array([17.97487179,  6.22629382]), -1.4602069699204765, 2.5)
(455.0, array([18.03005383,  5.72934821]), 1.6813856836693444, 2.5)
(455.5, array([17.97487179,  6.22629382]), -1.4602069699204743, 2.5)
(456.0, array([18.03005383,  5.72934821]), 2.2834302952368124, 2.5)
(456.0, 3.0)
(456.5, array([17.70313932,  6.10766938]), 2.2834302952368124, 3.0)
(457.0, array([17.37622482,  6.48599055]), 2.283430295236813, 3.0)
(457.5, array([17.04931031,  6.86431172]), 2.2834302952368133, 3.0)
(458.0, array([16.72239581,  7.24263289]), 2.2834302952368164, 3.0)
(458.0, 1.5)
(458.5, array([16.3954813 ,  7.62095406]), -0.038940951090402354, 1.5)
(459.0, array([16.89510225,  7.6014885 ]), -0.03894095109040212, 1.5)
(459.5, array([17.3947232 ,  7.58202294]), -0.038940951090401764, 1.5)
(460.0, array([17.89434415,  7.56255739]), -0.038940951090401195, 1.5)
(460.0, 1.0)
(460.5, array([18.3939651 ,  7.54309183]), -0.038940951090400105, 1.0)
(461.0, array([18.89358605,  7.52362628]), -0.038940951090397226, 1.0)
(461.5, array([19.393207  ,  7.50416072]), -0.03894095109040894, 1.0)
(462.0, array([19.89282794,  7.48469517]), -1.7016582690906137, 1.0)
(462.0, 1.0)
(462.5, array([19.82758356,  6.98897028]), -1.7016582690906106, 1.0)
(463.0, array([19.76233918,  6.49324538]), -1.7016582690906148, 1.0)
(463.5, array([19.6970948 ,  5.99752049]), -1.7016582690906101, 1.0)
(464.0, array([19.63185042,  5.50179559]), -1.7016582690906183, 1.0)
(464.0, 0.5)
(464.5, array([19.56660604,  5.0060707 ]), -1.7016582690906077, 0.5)
(465.0, array([19.50136165,  4.5103458 ]), -1.7016582690912718, 0.5)
(465.5, array([19.43611727,  4.01462091]), 2.977761102043695, 0.5)
(466.0, array([18.94281247,  4.09617073]), 2.977761102043695, 0.5)
(466.0, 1.5)
(466.5, array([18.44950767,  4.17772055]), 2.9777611020436954, 1.5)
(467.0, array([17.95620287,  4.25927037]), 2.9777611020436954, 1.5)
(467.5, array([17.46289807,  4.34082019]), 2.9777611020436963, 1.5)
(468.0, array([16.96959327,  4.42237001]), 2.977761102043698, 1.5)
(468.0, 2.0)
(468.5, array([16.47628846,  4.50391983]), -0.16383155154599227, 2.0)
(469.0, array([16.96959327,  4.42237001]), 1.7222112352382697, 2.0)
(469.5, array([16.89417476,  4.91664933]), 1.7222112352382724, 2.0)
(470.0, array([16.81875626,  5.41092866]), 1.7222112352382766, 2.0)
(470.0, 2.5)
(470.5, array([16.74333776,  5.90520798]), 1.7222112352382724, 2.5)
(471.0, array([16.66791926,  6.3994873 ]), 1.7222112352382801, 2.5)
(471.5, array([16.59250076,  6.89376663]), 1.7222112352382721, 2.5)
(472.0, array([16.51708226,  7.38804595]), 1.7222112352383472, 2.5)
(472.0, 1.5)
(472.5, array([16.44166376,  7.88232528]), -0.8792860649641098, 1.5)
(473.0, array([16.76051438,  7.49718338]), -0.8792860649641094, 1.5)
(473.5, array([17.079365  ,  7.11204148]), -0.8792860649641088, 1.5)
(474.0, array([17.39821561,  6.72689958]), -0.8792860649641074, 1.5)
(474.0, 2.5)
(474.5, array([17.71706623,  6.34175768]), -0.8792860649641031, 2.5)
(475.0, array([18.03591685,  5.95661578]), 2.262306588625618, 2.5)
(475.5, array([17.71706623,  6.34175768]), -0.879286064964166, 2.5)
(476.0, array([18.03591685,  5.95661578]), 2.2623065886256684, 2.5)
(476.0, 1.5)
(476.5, array([17.71706623,  6.34175768]), -0.8792860649641159, 1.5)
(477.0, array([18.03591685,  5.95661578]), 2.2623065886256684, 1.5)
(477.5, array([17.71706623,  6.34175768]), -0.8792860649641159, 1.5)
(478.0, 'explanation set: ', set(['remora']), ', ', 9, ' attacks, speedMultiplier: ', 0.5, ', removal success probability: ', 1)
(478.0, array([18.03591685,  5.95661578]), 2.2623065886256684, 1.5)
(478.0, 2.5)
(478.5, array([17.87649154,  6.14918673]), -0.87928606496415, 2.5)
(479.0, array([18.03591685,  5.95661578]), 2.262306588625618, 2.5)
(479.5, array([17.87649154,  6.14918673]), -0.8792860649641646, 2.5)
(480.0, array([17.81948961,  6.39260156]), 3.1390684386820995, 2.5)
(480.0, 2.0)
(480.5, array([17.56949041,  6.39323261]), 3.139068438682099, 2.0)
(481.0, array([17.3194912 ,  6.39386367]), 3.139068438682098, 2.0)
(481.5, array([17.069492  ,  6.39449472]), 3.1390684386820977, 2.0)
(482.0, array([16.8194928 ,  6.39512577]), 3.139068438682097, 2.0)
(482.0, 1.5)
(482.5, array([16.31949439,  6.39638788]), 3.139068438682097, 1.5)
(483.0, array([15.81949598,  6.39764998]), 3.1390684386820973, 1.5)
(483.5, array([15.31949757,  6.39891209]), 3.1390684386820973, 1.5)
(484.0, array([14.81949917,  6.4001742 ]), 3.1390684386820986, 1.5)
(484.0, 1.0)
(484.5, array([14.31950076,  6.4014363 ]), -0.002524214907708327, 1.0)
(485.0, array([14.81949917,  6.4001742 ]), -0.9449234758897215, 1.0)
(485.5, array([15.11240162,  5.99494814]), -0.9449234758897215, 1.0)
(486.0, array([15.40530407,  5.58972209]), -0.9449234758897214, 1.0)
(486.0, 1.5)
(486.5, array([15.69820652,  5.18449603]), -0.9449234758897214, 1.5)
(487.0, array([15.99110897,  4.77926998]), -0.9449234758897213, 1.5)
(487.5, array([16.28401142,  4.37404393]), 2.31927882410441, 1.5)
[u'searchErgodic', u'4', u'2']
(488.0, array([15.9437476 ,  4.74040513]), 2.3192788241044093, 1.5)
out of bounds
(488.0, 2.0)
(490.0, 0.5)
(492.0, 3.0)
(494.0, 2.0)
(496.0, 3.0)
(498.0, 1.5)
out of bounds
(500.0, 0.5)
(502.0, 1.0)
(503.0, 'explanation set: ', set(['remora']), ', ', 10, ' attacks, speedMultiplier: ', 0.5, ', removal success probability: ', 1)
(504.0, 1.0)
(504.5, 'explanation set: ', set(['remora']), ', ', 11, ' attacks, speedMultiplier: ', 0.25, ', removal success probability: ', 1)
(506.0, 1.0)
(508.0, 1.5)
(508.5, array([12.39198409,  4.42088076]), 0.7781552825747683, 1.5)
(509.0, array([12.74808893,  4.77186416]), 0.7781552825747687, 1.5)
(509.5, array([13.10419377,  5.12284755]), 0.7781552825747694, 1.5)
(510.0, array([13.46029861,  5.47383094]), 0.7781552825747706, 1.5)
(510.0, 2.5)
(510.5, array([13.81640345,  5.82481434]), 0.7781552825747733, 2.5)
(511.0, array([14.17250829,  6.17579773]), 0.7781552825747647, 2.5)
(511.5, array([14.52861313,  6.52678113]), -2.363437371015042, 2.5)
(512.0, array([14.17250829,  6.17579773]), 0.778155282574755, 2.5)
(512.0, 1.0)
(512.5, array([14.52861313,  6.52678113]), -2.3634373710150243, 1.0)
(513.0, array([14.17250829,  6.17579773]), 0.7781552825747647, 1.0)
(513.5, array([14.52861313,  6.52678113]), -1.6870444531632685, 1.0)
(514.0, array([14.47061989,  6.03015573]), -1.6870444531632673, 1.0)
(514.0, 0.5)
(514.5, array([14.41262665,  5.53353034]), -1.6870444531632662, 0.5)
(515.0, array([14.35463341,  5.03690494]), -1.6870444531632676, 0.5)
(515.5, array([14.29664017,  4.54027954]), -1.6870444531632658, 0.5)
(516.0, array([14.23864693,  4.04365415]), -1.6870444531632678, 0.5)
(516.0, 1.0)
(516.5, array([14.18065369,  3.54702875]), -2.8472323576419973, 1.0)
(517.0, array([13.70215972,  3.40196489]), -2.8472323576419973, 1.0)
(517.5, array([13.22366576,  3.25690103]), -2.8472323576419973, 1.0)
(518.0, array([12.74517179,  3.11183717]), -2.8472323576419973, 1.0)
(518.0, 2.0)
(518.5, array([12.26667782,  2.96677331]), -2.847232357641998, 2.0)
(519.0, array([11.78818386,  2.82170945]), -2.8472323576419982, 2.0)
(519.5, array([11.30968989,  2.67664559]), -0.10079540657779909, 2.0)
(520.0, array([11.80715211,  2.62633318]), -0.10079540657779912, 2.0)
(520.0, 1.5)
(520.5, array([12.30461433,  2.57602077]), -3.050017924543749, 1.5)
(521.0, array([11.80670935,  2.53029738]), -3.0500179245437495, 1.5)
(521.5, array([11.30880437,  2.48457398]), -3.0500179245437486, 1.5)
(522.0, array([10.81089938,  2.43885058]), -3.05001792454375, 1.5)
(522.0, 1.5)
(522.5, array([10.3129944 ,  2.39312719]), 0.09157472904603471, 1.5)
(523.0, array([10.81089938,  2.43885058]), -3.050017924543761, 1.5)
(523.5, array([10.3129944 ,  2.39312719]), 0.09157472904603471, 1.5)
(524.0, array([10.81089938,  2.43885058]), -3.050017924543761, 1.5)
(524.0, 3.5)
(524.5, array([10.3129944 ,  2.39312719]), 0.09157472904603471, 3.5)
(525.0, array([10.81089938,  2.43885058]), -3.050017924543761, 3.5)
(525.5, array([10.3129944 ,  2.39312719]), 0.09157472904603471, 3.5)
(526.0, array([10.81089938,  2.43885058]), -3.050017924543761, 3.5)
(526.0, 3.0)
(526.5, array([10.3129944 ,  2.39312719]), 0.09157472904603471, 3.0)
(527.0, array([10.81089938,  2.43885058]), -2.6455385631698833, 3.0)
(527.5, array([10.37116564,  2.20087111]), -2.6455385631698793, 3.0)
(528.0, array([9.93143189, 1.96289163]), 0.4960540904198951, 3.0)
(528.0, 3.0)
(528.5, array([10.37116564,  2.20087111]), 2.534710165131738, 3.0)
(529.0, array([9.96045066, 2.48602582]), 2.5347101651317385, 3.0)
(529.5, array([9.54973568, 2.77118052]), 2.5347101651317385, 3.0)
(530.0, array([9.13902071, 3.05633523]), 2.5347101651317385, 3.0)
(530.0, 1.5)
(530.5, array([8.72830573, 3.34148994]), 2.5347101651317394, 1.5)
(531.0, array([8.31759076, 3.62664465]), -0.03977422495589203, 1.5)
(531.5, array([8.81719531, 3.60676278]), -0.039774224955892425, 1.5)
(532.0, array([9.31679986, 3.58688091]), -0.03977422495589198, 1.5)
(532.0, 4.0)
(532.5, array([9.81640442, 3.56699904]), -0.039774224955892584, 4.0)
(533.0, array([10.31600897,  3.54711717]), -0.03977422495589183, 4.0)
(533.5, array([10.81561353,  3.5272353 ]), -0.039774224955893216, 4.0)
(534.0, array([11.31521808,  3.50735344]), -0.03977422495589009, 4.0)
(534.0, 1.5)
(534.5, array([11.81482264,  3.48747157]), -1.6757897811186446, 1.5)
(535.0, array([11.76242231,  2.99022494]), -1.675789781118646, 1.5)
(535.5, array([11.71002198,  2.49297832]), -1.6757897811186482, 1.5)
(536.0, array([11.65762165,  1.99573169]), -1.6757897811186457, 1.5)
(536.0, 1.0)
(536.5, array([11.60522132,  1.49848507]), -1.67578978111865, 1.0)
(537.0, array([11.55282099,  1.00123844]), -1.6757897811186449, 1.0)
(537.5, array([11.50042066,  0.50399182]), -1.6757897811195732, 1.0)
(538.0, array([1.14480203e+01, 6.74519554e-03]), 2.9758109936955788, 1.0)
(538.0, 1.0)
(538.5, array([10.9548755 ,  0.08925686]), 2.9758109936955788, 1.0)
(539.0, array([10.46173067,  0.17176852]), 2.9758109936955788, 1.0)
(539.5, array([9.96858584, 0.25428018]), 2.9758109936955783, 1.0)
(540.0, array([9.475441  , 0.33679184]), 2.9758109936955783, 1.0)
(540.0, 2.0)
(540.5, array([8.98229617, 0.41930351]), 2.975810993695578, 2.0)
[u'searchErgodic', u'fullgrid']
(541.0, array([8.48915134, 0.50181517]), -0.1657816598942101, 2.0)
(542.0, 1.0)
(544.0, 2.5)
(546.0, 0.5)
(548.0, 2.0)
(550.0, 2.5)
(552.0, 3.5)
(554.0, 3.0)
(556.0, 3.5)
(558.0, 1.0)
(560.0, 2.5)
(562.0, 0.5)
(564.0, 3.0)
(565.0, 'explanation set: ', set(['remora']), ', ', 12, ' attacks, speedMultiplier: ', 0.5, ', removal success probability: ', 1)
(566.0, 1.5)
(568.0, 1.0)
(570.0, 1.0)
(572.0, 2.0)
(574.0, 0.5)
(576.0, 0.5)
(578.0, 1.5)
(580.0, 1.0)
(582.0, 2.0)
(584.0, 1.5)
(586.0, 0.5)
(588.0, 1.5)
(590.0, 2.0)
(592.0, 0.5)
(594.0, 1.0)
(596.0, 1.5)
(598.0, 2.0)
(600.0, 2.0)
('agent ', 0, ' rate estimates')
[[1.093125   2.0952381  1.42637037 1.         0.        ]
 [0.         5.31610526 2.33786047 1.32032    0.76423529]
 [1.33333333 2.41666667 2.23346667 0.         0.86626667]
 [1.37525    2.08773913 0.25       1.38188235 1.788     ]
 [0.         1.15915789 1.9995     1.125      0.66666667]]
and measurements taken per cell
[[15. 20. 26.  8.  0.]
 [ 0. 18. 42. 24. 16.]
 [ 2.  5. 14.  0. 14.]
 [ 3. 22.  1. 16. 18.]
 [ 0. 18. 13.  3.  2.]]
True probability density  map
[[0.3 0.6 0.3 0.1 0.1]
 [0.5 0.9 0.4 0.2 0.1]
 [0.2 0.4 0.2 0.2 0.1]
 [0.1 0.3 0.5 0.8 0.3]
 [0.1 0.1 0.4 0.6 0.2]]
('Rate field approximation for sensor with range', 2, ' spaced at intervals of', (1, 1))
('2,600.5,[13.61540162 12.91663162],9.5;6.5', ', max val: ', 9.5)
done
